# Created by Octave 4.2.2, Thu Dec 12 22:40:17 2019 CET <zowlex@zowlex-Nitro-AN515-52>
# name: J_history
# type: matrix
# rows: 50
# columns: 1
 32769251589.54678
 17162371138.60099
 9610212673.430876
 5903790708.923923
 4060267654.650723
 3129447146.68808
 2650518225.936325
 2397952577.212392
 2260458549.114161
 2182619809.255923
 2136527325.819369
 2107908134.536058
 2089308029.559147
 2076723134.996612
 2067924519.017734
 2061617330.513368
 2057013351.568286
 2053609759.072237
 2051071751.070898
 2049168226.196743
 2047735102.187581
 2046653425.151062
 2045835672.821043
 2045216790.755428
 2044748092.083337
 2044392973.223323
 2044123832.477612
 2043919815.419715
 2043765145.417289
 2043647877.368593
 2043558962.318307
 2043491542.890867
 2043440421.340097
 2043401657.311019
 2043372263.382436
 2043349974.472178
 2043333073.112772
 2043320257.025006
 2043310538.732265
 2043303169.454725
 2043297581.406721
 2043293344.045149
 2043290130.894887
 2043287694.393725
 2043285846.81795
 2043284445.818624
 2043283383.453966
 2043282577.872781
 2043281967.008087
 2043281503.795087


# name: X
# type: matrix
# rows: 47
# columns: 3
 1 2104 3
 1 1600 3
 1 2400 3
 1 1416 2
 1 3000 4
 1 1985 4
 1 1534 3
 1 1427 3
 1 1380 3
 1 1494 3
 1 1940 4
 1 2000 3
 1 1890 3
 1 4478 5
 1 1268 3
 1 2300 4
 1 1320 2
 1 1236 3
 1 2609 4
 1 3031 4
 1 1767 3
 1 1888 2
 1 1604 3
 1 1962 4
 1 3890 3
 1 1100 3
 1 1458 3
 1 2526 3
 1 2200 3
 1 2637 3
 1 1839 2
 1 1000 1
 1 2040 4
 1 3137 3
 1 1811 4
 1 1437 3
 1 1239 3
 1 2132 4
 1 4215 4
 1 2162 4
 1 1664 2
 1 2238 3
 1 2567 4
 1 1200 3
 1 852 2
 1 1852 4
 1 1203 3


# name: alpha
# type: scalar
0.3


# name: data
# type: matrix
# rows: 47
# columns: 3
 2104 3 399900
 1600 3 329900
 2400 3 369000
 1416 2 232000
 3000 4 539900
 1985 4 299900
 1534 3 314900
 1427 3 198999
 1380 3 212000
 1494 3 242500
 1940 4 239999
 2000 3 347000
 1890 3 329999
 4478 5 699900
 1268 3 259900
 2300 4 449900
 1320 2 299900
 1236 3 199900
 2609 4 499998
 3031 4 599000
 1767 3 252900
 1888 2 255000
 1604 3 242900
 1962 4 259900
 3890 3 573900
 1100 3 249900
 1458 3 464500
 2526 3 469000
 2200 3 475000
 2637 3 299900
 1839 2 349900
 1000 1 169900
 2040 4 314900
 3137 3 579900
 1811 4 285900
 1437 3 249900
 1239 3 229900
 2132 4 345000
 4215 4 549000
 2162 4 287000
 1664 2 368500
 2238 3 329900
 2567 4 314000
 1200 3 299000
 852 2 179900
 1852 4 299900
 1203 3 239500


# name: m
# type: scalar
47


# name: mu
# type: matrix
# rows: 1
# columns: 2
 2000.68085106383 3.170212765957447


# name: num_iters
# type: scalar
50


# name: price
# type: scalar
293081.4643348152


# name: sigma
# type: matrix
# rows: 1
# columns: 2
 794.7023535338897 0.7609818867800999


# name: theta
# type: matrix
# rows: 3
# columns: 1
 89597.90954174708
 139.2106740175681
 -8738.019111973126


# name: y
# type: matrix
# rows: 47
# columns: 1
 399900
 329900
 369000
 232000
 539900
 299900
 314900
 198999
 212000
 242500
 239999
 347000
 329999
 699900
 259900
 449900
 299900
 199900
 499998
 599000
 252900
 255000
 242900
 259900
 573900
 249900
 464500
 469000
 475000
 299900
 349900
 169900
 314900
 579900
 285900
 249900
 229900
 345000
 549000
 287000
 368500
 329900
 314000
 299000
 179900
 299900
 239500


